7.145535127733005 3.968061698466219
 0.0000000 1.0 1.0E-6
-0.0008465 174.26147098827687 29.50303955337937
-0.0000000 0.0 1.0E-6
 0.0000000 0.0 1.0E-6
 0.0000000 0.0 1.0E-6
 0.0000000 0.0 1.0E-6
-0.0000000 0.0 1.0E-6
 0.0000000 0.0 1.0E-6
 0.0000000 0.0 1.0E-6
-0.0000000 0.0 1.0E-6
-0.0000000 0.0 1.0E-6
 0.0000000 0.0 1.0E-6
-0.0089194 4.42708439353424 3.978534796429085
 0.0115195 0.1024269733615848 0.3635467849386981
-0.0000000 0.0 1.0E-6
-0.0000000 0.0 1.0E-6
 0.0000000 0.0 1.0E-6
 0.0000000 0.0 1.0E-6
-0.0000000 0.0 1.0E-6
 0.0000000 0.0 1.0E-6
-0.0000000 0.0 1.0E-6
-0.0000000 0.0 1.0E-6
-0.0000000 0.0 1.0E-6
-0.0050950 4.402537080044783 3.940322311924854
 0.0104308 0.24965533832360262 0.5865570279272352
 0.0121825 0.09781914745968152 0.3486282280012533
 0.0000000 0.0 1.0E-6
-0.0000000 0.0 1.0E-6
-0.0000000 0.0 1.0E-6
-0.0000000 0.0 1.0E-6
 0.0000000 0.0 1.0E-6
 0.0000000 0.0 1.0E-6
-0.0000000 0.0 1.0E-6
-0.0000000 0.0 1.0E-6
 0.0013850 4.469896462707144 3.989142657340558
 0.0126506 0.2528567595325555 0.5992300736902659
 0.0176776 0.24714786679867132 0.5832161982613508
 0.0085866 0.10574867918243475 0.36603584262655536
-0.0000000 0.0 1.0E-6
-0.0000000 0.0 1.0E-6
-0.0000000 0.0 1.0E-6
 0.0000000 0.0 1.0E-6
-0.0000000 0.0 1.0E-6
-0.0000000 0.0 1.0E-6
-0.0000000 0.0 1.0E-6
-0.0135639 4.360030348732848 3.915495527029802
 0.0097698 0.24671299166335112 0.5876589885171996
 0.0109567 0.24483470118526607 0.5799467642144642
 0.0124464 0.2525884323214005 0.5953857534394754
 0.0182697 0.09982697521211728 0.35389791106464047
-0.0000000 0.0 1.0E-6
-0.0000000 0.0 1.0E-6
 0.0000000 0.0 1.0E-6
-0.0000000 0.0 1.0E-6
-0.0000000 0.0 1.0E-6
-0.0000000 0.0 1.0E-6
-0.0044881 4.503585406700778 3.9390085528175893
 0.0107714 0.2500902134589228 0.57728331598172
 0.0159525 0.2507656578180371 0.5738304891639134
 0.0078269 0.2567613830879836 0.5856814554694652
 0.0136334 0.24364110772874895 0.5681320004724695
 0.0094333 0.09242484524922047 0.3414943820795662
 0.0000000 0.0 1.0E-6
 0.0000000 0.0 1.0E-6
 0.0000000 0.0 1.0E-6
-0.0000000 0.0 1.0E-6
-0.0000000 0.0 1.0E-6
-0.0021469 4.391156305226829 3.9272354832882734
 0.0071480 0.24905391526411724 0.5933123455901467
 0.0118347 0.24417776215105896 0.5836025036278865
 0.0075989 0.25729803751029356 0.6019655633183745
 0.0117562 0.3050880390832462 0.6913789609973281
 0.0149670 0.2529955494693598 0.5848631028300141
 0.0047212 0.10312092304560637 0.3676163383043269
 0.0000000 0.0 1.0E-6
-0.0000000 0.0 1.0E-6
-0.0000000 0.0 1.0E-6
-0.0000000 0.0 1.0E-6
-0.0016880 4.376296529326313 3.958026440156161
 0.0072775 0.24634288516520628 0.584119272015761
 0.0093065 0.24716637212357856 0.5945215054160995
 0.0070238 0.29471580447273704 0.6703240886185216
 0.0064007 0.24058772911905402 0.5806308724729128
 0.0108606 0.2507378998306763 0.5830322977178022
 0.0083578 0.2523201051102455 0.5968575140084103
 0.0086811 0.09950313202624055 0.34982165335361937
 0.0000000 0.0 1.0E-6
-0.0000000 0.0 1.0E-6
 0.0000000 0.0 1.0E-6
-0.0028066 4.4076260443942745 3.979425879490715
 0.0139547 0.24438132072503863 0.5826127601849441
 0.0064509 0.29934213569954754 0.677825402144789
 0.0097620 0.2554104943697549 0.598671765216675
 0.0094237 0.2416887959510349 0.5743148049016686
 0.0111823 0.2471756247860322 0.5737272936525689
 0.0051912 0.24814715434366239 0.5792883740321308
 0.0091401 0.24267883083357236 0.5894462735308238
 0.0008424 0.10073373613257215 0.3599682904336607
-0.0000000 0.0 1.0E-6
-0.0000000 0.0 1.0E-6
-0.0057684 4.384577662222305 3.997048947553979
-0.0000082 0.29722327599766835 0.6736190055964768
 0.0075757 0.24232722966033476 0.5789649083207995
 0.0100729 0.24966459098605623 0.5888595393395208
 0.0155461 0.2386909333160617 0.5725369913702659
 0.0136298 0.2366183369264506 0.5534435481628214
 0.0088594 0.24818416499347687 0.5858163915476688
 0.0099223 0.24408523552652275 0.5939499580831132
 0.0030937 0.24390943493990397 0.5718563248082834
 0.0057205 0.09906825689092036 0.3564549286435908
 0.0000000 0.0 1.0E-6
 0.0000000 0.0 1.0E-6
 0.0000000 0.0 1.0E-6
 0.0000000 0.0 1.0E-6
-0.0000000 0.0 1.0E-6
 0.0000000 0.0 1.0E-6
-0.0000000 0.0 1.0E-6
-0.0000000 0.0 1.0E-6
-0.0000000 0.0 1.0E-6
-0.0000000 0.0 1.0E-6
-0.0000000 0.0 1.0E-6
 0.0000000 0.0 1.0E-6
 0.0209623 203.62823727527595 27.89837234211919
 0.0000000 0.0 1.0E-6
-0.0000000 0.0 1.0E-6
 0.0000000 0.0 1.0E-6
 0.0000000 0.0 1.0E-6
-0.0000000 0.0 1.0E-6
 0.0000000 0.0 1.0E-6
-0.0000000 0.0 1.0E-6
 0.0000000 0.0 1.0E-6
-0.0000000 0.0 1.0E-6
-0.0000000 0.0 1.0E-6
-0.0110307 3.3920723188097375 3.1097155284053883
-0.0032734 0.18869879807914727 0.5111674837236835
 0.0000000 0.0 1.0E-6
 0.0000000 0.0 1.0E-6
 0.0000000 0.0 1.0E-6
 0.0000000 0.0 1.0E-6
 0.0000000 0.0 1.0E-6
-0.0000000 0.0 1.0E-6
-0.0000000 0.0 1.0E-6
 0.0000000 0.0 1.0E-6
-0.0000000 0.0 1.0E-6
-0.0133818 3.361140668227282 3.075511088822532
-0.0014029 0.4077925923184396 0.7923477498758399
-0.0015193 0.18115787817944615 0.5002854547839826
-0.0000000 0.0 1.0E-6
-0.0000000 0.0 1.0E-6
-0.0000000 0.0 1.0E-6
-0.0000000 0.0 1.0E-6
-0.0000000 0.0 1.0E-6
-0.0000000 0.0 1.0E-6
-0.0000000 0.0 1.0E-6
-0.0000000 0.0 1.0E-6
-0.0123511 3.4242900894732458 3.1180554524362107
-0.0063882 0.4069135893853456 0.7756623630352051
 0.0000968 0.39048086086771466 0.756422312825293
 0.0009644 0.1996632030866882 0.5316875690953425
 0.0000000 0.0 1.0E-6
 0.0000000 0.0 1.0E-6
 0.0000000 0.0 1.0E-6
-0.0000000 0.0 1.0E-6
-0.0000000 0.0 1.0E-6
 0.0000000 0.0 1.0E-6
 0.0000000 0.0 1.0E-6
-0.0187112 3.338804741064241 3.0548692240248054
 0.0011409 0.38999046975767276 0.7600001003815338
-0.0053863 0.38564171840447087 0.7550076404164501
-0.0036995 0.40428583324851725 0.7784390560793798
-0.0000788 0.1764760309779139 0.4872902100982208
-0.0000000 0.0 1.0E-6
-0.0000000 0.0 1.0E-6
-0.0000000 0.0 1.0E-6
-0.0000000 0.0 1.0E-6
-0.0000000 0.0 1.0E-6
-0.0000000 0.0 1.0E-6
-0.0212844 3.4304801206547184 3.0861691621189435
-0.0104448 0.3823570232334354 0.7168211284908125
 0.0032992 0.38751075622010234 0.7265915544880794
-0.0008361 0.39024954430637415 0.7364559947472717
-0.0067393 0.3834858480527772 0.7256637974585712
-0.0024875 0.47149717331162044 0.8352629154928861
 0.0000000 0.0 1.0E-6
 0.0000000 0.0 1.0E-6
 0.0000000 0.0 1.0E-6
-0.0000000 0.0 1.0E-6
 0.0000000 0.0 1.0E-6
-0.0133939 3.371938525310658 3.0676873163222096
-0.0048955 0.3894445626729091 0.7585925547921495
-0.0026212 0.4004182203429037 0.7663180569593443
-0.0003555 0.4025463327072365 0.7682072581864411
-0.0273938 0.8807331809728249 1.1848290881792916
-0.0024142 0.3864559527003895 0.723453609873173
-0.0000095 0.18812513300702277 0.5161334836260545
 0.0000000 0.0 1.0E-6
-0.0000000 0.0 1.0E-6
-0.0000000 0.0 1.0E-6
-0.0000000 0.0 1.0E-6
-0.0223756 3.3591050824874857 3.084458058777366
-0.0044403 0.3895093313100845 0.7579430674497102
 0.0035467 0.3959121737279902 0.7596653622179143
-0.0151559 0.8766342515058708 1.18220818194365
-0.0069039 0.38750150355764873 0.7658224685419261
-0.0055011 0.3789520434505029 0.7139638295739692
-0.0073024 0.397235304458858 0.7690804368762989
 0.0037212 0.1891984418516428 0.5146634518743719
-0.0000000 0.0 1.0E-6
 0.0000000 0.0 1.0E-6
-0.0000000 0.0 1.0E-6
-0.0136213 3.375917170165715 3.082911987042646
-0.0055233 0.3919427815353868 0.7677523509101404
-0.0250641 0.8830093359364157 1.1984178699456747
-0.0012599 0.3955050565800309 0.7692202369328062
-0.0056034 0.38521609593160433 0.7495186193406548
 0.0024820 0.3786837162393479 0.7150190694221291
-0.0016940 0.4011214226893789 0.7746467421327923
-0.0060603 0.3839484811754582 0.753080124851602
 0.0026471 0.18058421310732164 0.4968002570597297
 0.0000000 0.0 1.0E-6
 0.0000000 0.0 1.0E-6
-0.0159573 3.344957761595899 3.1063737772674522
-0.0162004 0.8669189559295687 1.1912009014212903
-0.0037995 0.3820701906973732 0.7448803807368021
-0.0059377 0.3959491843778047 0.7649019289651088
-0.0089234 0.3857527503539143 0.7523727596245834
-0.0017884 0.3822737492713528 0.7185865744363028
 0.0019997 0.38861182305208325 0.7634317359835576
-0.0044749 0.37766592336944954 0.7337268935030686
-0.0033818 0.40265736465667995 0.7717782040950998
 0.0068170 0.18227745033633427 0.5028038764682837
 0.0000000 0.0 1.0E-6
-0.0000000 0.0 1.0E-6
 0.0000000 0.0 1.0E-6
 0.0000000 0.0 1.0E-6
 0.0000000 0.0 1.0E-6
-0.0000000 0.0 1.0E-6
 0.0000000 0.0 1.0E-6
 0.0000000 0.0 1.0E-6
 0.0000000 0.0 1.0E-6
 0.0000000 0.0 1.0E-6
 0.0000000 0.0 1.0E-6
-0.0000000 0.0 1.0E-6
 0.0145854 118.56479176883148 12.141834585245874
 0.0000000 0.0 1.0E-6
-0.0000000 0.0 1.0E-6
 0.0000000 0.0 1.0E-6
-0.0000000 0.0 1.0E-6
-0.0000000 0.0 1.0E-6
 0.0000000 0.0 1.0E-6
 0.0000000 0.0 1.0E-6
-0.0000000 0.0 1.0E-6
-0.0000000 0.0 1.0E-6
-0.0000000 0.0 1.0E-6
-0.0054067 0.9828548164734402 1.06323312047561
 0.0024320 0.11914653441527799 0.37626144599814704
 0.0000000 0.0 1.0E-6
-0.0000000 0.0 1.0E-6
 0.0000000 0.0 1.0E-6
 0.0000000 0.0 1.0E-6
 0.0000000 0.0 1.0E-6
 0.0000000 0.0 1.0E-6
-0.0000000 0.0 1.0E-6
 0.0000000 0.0 1.0E-6
 0.0000000 0.0 1.0E-6
-0.0021831 0.9720847173774253 1.0599976536285247
-0.0024651 0.28602755442878686 0.5885666564833653
 0.0037962 0.10982910332448162 0.36071315380266344
-0.0000000 0.0 1.0E-6
 0.0000000 0.0 1.0E-6
-0.0000000 0.0 1.0E-6
-0.0000000 0.0 1.0E-6
 0.0000000 0.0 1.0E-6
-0.0000000 0.0 1.0E-6
-0.0000000 0.0 1.0E-6
 0.0000000 0.0 1.0E-6
-0.0040141 0.9909508961203586 1.0740125966608265
 0.0064444 0.3012666894899007 0.5953637491049303
-0.0079025 0.29561331273073826 0.5849667760402735
 0.0143290 0.12101557223090945 0.37677120817009185
 0.0000000 0.0 1.0E-6
 0.0000000 0.0 1.0E-6
 0.0000000 0.0 1.0E-6
-0.0000000 0.0 1.0E-6
 0.0000000 0.0 1.0E-6
-0.0000000 0.0 1.0E-6
-0.0000000 0.0 1.0E-6
-0.0032923 0.9702064268993403 1.060186553460555
-0.0053534 0.2752482026703184 0.5673617486748194
-0.0001651 0.2817620770376676 0.5826316639996718
-0.0006546 0.28892363777677027 0.5848372187639284
-0.0014503 0.10994938793637869 0.35077951369608906
 0.0000000 0.0 1.0E-6
 0.0000000 0.0 1.0E-6
 0.0000000 0.0 1.0E-6
 0.0000000 0.0 1.0E-6
 0.0000000 0.0 1.0E-6
 0.0000000 0.0 1.0E-6
-0.0121914 0.9323075214893085 0.9630264336882819
-0.0011192 0.285120793508332 0.5733082537059084
-0.0115487 0.28184535099975017 0.5645808416978987
-0.0047323 0.2943827086244067 0.5780249982518278
-0.0077150 0.2861663443655912 0.5700262152867189
-0.0022969 0.2927912506823839 0.624254423866219
 0.0000000 0.0 1.0E-6
-0.0000000 0.0 1.0E-6
 0.0000000 0.0 1.0E-6
 0.0000000 0.0 1.0E-6
-0.0000000 0.0 1.0E-6
-0.0111581 0.9884804352452419 1.0751900932026226
-0.0028987 0.2915791519009595 0.5887508422936522
-0.0123461 0.2884610046540892 0.5819098985715078
-0.0008433 0.2897933880474106 0.5859562739685368
-0.0094576 0.5736465667995966 0.8510956127660614
-0.0033955 0.29172719450021745 0.5753553144290507
-0.0040829 0.11506611027323112 0.36391442392045376
-0.0000000 0.0 1.0E-6
 0.0000000 0.0 1.0E-6
-0.0000000 0.0 1.0E-6
-0.0000000 0.0 1.0E-6
-0.0060114 0.9698178150762882 1.0556450457181934
-0.0076990 0.28277061724511227 0.5755813288320871
-0.0162258 0.2858887644919826 0.5743209430281905
-0.0101133 0.5742109792092674 0.8505136850839726
 0.0058790 0.2854723946815696 0.5855586010904947
-0.0049126 0.29429018199987045 0.5840118600773294
-0.0079406 0.29130157202735085 0.5869997540633791
 0.0016393 0.11379849551708504 0.3658967106922973
-0.0000000 0.0 1.0E-6
-0.0000000 0.0 1.0E-6
-0.0000000 0.0 1.0E-6
-0.0072696 0.989914597925553 1.0777186688064309
-0.0071350 0.28462114973583647 0.5844391739470154
-0.0052544 0.5905326757774549 0.8642376281790465
-0.0055290 0.2861015757284158 0.5839219164495099
-0.0044055 0.27914357356329283 0.5682058953571008
-0.0056837 0.28713787392322143 0.5774190465666978
-0.0132865 0.2793008688250044 0.5822284913457102
-0.0036787 0.27672862866289777 0.5657423443064319
 0.0010863 0.11667607354016118 0.3664440619290216
 0.0000000 0.0 1.0E-6
-0.0000000 0.0 1.0E-6
-0.0133562 0.9612405969817815 1.0616890967162265
-0.0089617 0.5789946056977895 0.8647909620642852
-0.0050543 0.2812531806027184 0.571131352543443
-0.0096866 0.28527808877004357 0.5785241025942118
-0.0087658 0.2904318217567105 0.5895217402778261
-0.0053337 0.28023538773282014 0.5664444388236843
-0.0171008 0.2819101196369255 0.5787995781957945
-0.0087814 0.27638628015211375 0.5740506760272311
-0.0159712 0.281678803075585 0.5709701755167547
 0.0006491 0.11384475882935315 0.3672579632516056
 0.0000000 0.0 1.0E-6
 0.0000000 0.0 1.0E-6
 0.0000000 0.0 1.0E-6
 0.0000000 0.0 1.0E-6
 0.0000000 0.0 1.0E-6
-0.0000000 0.0 1.0E-6
-0.0000000 0.0 1.0E-6
-0.0000000 0.0 1.0E-6
-0.0000000 0.0 1.0E-6
-0.0000000 0.0 1.0E-6
 0.0000000 0.0 1.0E-6
-0.0000000 0.0 1.0E-6
 0.0007764 185.84417591161858 30.932844228190778
 0.0000000 0.0 1.0E-6
-0.0000000 0.0 1.0E-6
-0.0000000 0.0 1.0E-6
-0.0000000 0.0 1.0E-6
-0.0000000 0.0 1.0E-6
 0.0000000 0.0 1.0E-6
-0.0000000 0.0 1.0E-6
 0.0000000 0.0 1.0E-6
-0.0000000 0.0 1.0E-6
-0.0000000 0.0 1.0E-6
-0.0004008 4.63002303912951 4.147245547893903
-0.0012461 0.18578420940625665 0.5128748379309126
-0.0000000 0.0 1.0E-6
-0.0000000 0.0 1.0E-6
 0.0000000 0.0 1.0E-6
-0.0000000 0.0 1.0E-6
-0.0000000 0.0 1.0E-6
-0.0000000 0.0 1.0E-6
-0.0000000 0.0 1.0E-6
 0.0000000 0.0 1.0E-6
 0.0000000 0.0 1.0E-6
-0.0028674 4.602727684891327 4.108760749041772
 0.0058769 0.31236063177179235 0.6949475740827104
-0.0032636 0.17936286166344365 0.497949113505438
 0.0000000 0.0 1.0E-6
 0.0000000 0.0 1.0E-6
 0.0000000 0.0 1.0E-6
 0.0000000 0.0 1.0E-6
-0.0000000 0.0 1.0E-6
 0.0000000 0.0 1.0E-6
-0.0000000 0.0 1.0E-6
 0.0000000 0.0 1.0E-6
-0.0037409 4.676064287498728 4.16457230552101
 0.0037471 0.3356218251801956 0.7192019829782597
-0.0088549 0.3203641847941745 0.6995238577482736
 0.0069773 0.1932418553438752 0.529793211109212
 0.0000000 0.0 1.0E-6
-0.0000000 0.0 1.0E-6
-0.0000000 0.0 1.0E-6
-0.0000000 0.0 1.0E-6
 0.0000000 0.0 1.0E-6
 0.0000000 0.0 1.0E-6
 0.0000000 0.0 1.0E-6
-0.0010245 4.549571139095275 4.07986472272374
-0.0009457 0.31473856602237293 0.6809317588150032
-0.0016014 0.3121293152104518 0.6876571773623933
-0.0013940 0.3148218399844555 0.6869474267146385
 0.0035614 0.17741054988572963 0.49791454310958705
-0.0000000 0.0 1.0E-6
-0.0000000 0.0 1.0E-6
 0.0000000 0.0 1.0E-6
-0.0000000 0.0 1.0E-6
 0.0000000 0.0 1.0E-6
 0.0000000 0.0 1.0E-6
 0.0025628 4.676443646659326 4.057682208139539
 0.0026282 0.3051343023955143 0.6701899680387585
 0.0057938 0.302358503659428 0.6614646947606427
-0.0011758 0.30809515438067303 0.6686541276183389
 0.0002176 0.2968716748244307 0.6576513303348415
 0.0058553 0.14421199700213735 0.46283963339749984
-0.0000000 0.0 1.0E-6
 0.0000000 0.0 1.0E-6
-0.0000000 0.0 1.0E-6
-0.0000000 0.0 1.0E-6
-0.0000000 0.0 1.0E-6
-0.0036202 4.60043302460283 4.095760460747222
-0.0056539 0.3225570657956827 0.6981510447815007
-0.0000865 0.32297343560609565 0.6948961249891926
-0.0003112 0.3241392710752519 0.710502446101037
-0.0048285 0.250256761383088 0.5615127347624503
 0.0012754 0.312027535923462 0.6717428275494426
 0.0015839 0.18674648630143323 0.5137513832530132
 0.0000000 0.0 1.0E-6
-0.0000000 0.0 1.0E-6
 0.0000000 0.0 1.0E-6
 0.0000000 0.0 1.0E-6
-0.0037920 4.574072189272463 4.126682589360789
-0.0061549 0.325138558620243 0.6992653565839128
 0.0010897 0.3192168546499255 0.7006162766719921
-0.0002661 0.24506601774660658 0.5611243441229474
-0.0021314 0.31060262590560433 0.6892414060967488
-0.0034260 0.29286527198201284 0.6510503670328007
 0.0056799 0.32640617337638905 0.7105911015171982
 0.0114670 0.18855075547988934 0.520601892377413
-0.0000000 0.0 1.0E-6
-0.0000000 0.0 1.0E-6
-0.0000000 0.0 1.0E-6
 0.0007510 4.603088538727019 4.148332576650288
 0.0029381 0.31468305004765124 0.6822334671201792
-0.0021386 0.24429804676295605 0.5619285975364332
 0.0022082 0.31818055645511995 0.6859312296644089
 0.0085405 0.31866169490270824 0.6960203608485402
 0.0029169 0.2998602847969503 0.6593813706975817
 0.0128120 0.32509229530797484 0.7192656156430084
 0.0010872 0.3193556445867298 0.7010217391317126
 0.0003607 0.18080627700620855 0.504500728858743
-0.0000000 0.0 1.0E-6
 0.0000000 0.0 1.0E-6
 0.0013544 4.586442998972954 4.1694779917792015
-0.0039304 0.23886673390268048 0.5528033426477924
-0.0021346 0.3132211293799791 0.6858666896058665
 0.0014018 0.313443193278866 0.6860080555187433
 0.0093895 0.3161449707153233 0.6954928504780703
 0.0051240 0.30163679598804555 0.6603384712899674
 0.0042526 0.3188097375019662 0.6963911584080507
 0.0104856 0.31166668208777076 0.6910609593931418
 0.0033372 0.30945529576135533 0.6890325387665154
 0.0066431 0.18372086567909915 0.5134464088629116
-0.0000000 0.0 1.0E-6
-0.0000000 0.0 1.0E-6
 0.0000000 0.0 1.0E-6
-0.0000000 0.0 1.0E-6
-0.0000000 0.0 1.0E-6
 0.0000000 0.0 1.0E-6
 0.0000000 0.0 1.0E-6
 0.0000000 0.0 1.0E-6
 0.0000000 0.0 1.0E-6
 0.0000000 0.0 1.0E-6
-0.0000000 0.0 1.0E-6
 0.0000000 0.0 1.0E-6
 0.0182999 217.8352285870259 29.33675107748056
-0.0000000 0.0 1.0E-6
-0.0000000 0.0 1.0E-6
-0.0000000 0.0 1.0E-6
-0.0000000 0.0 1.0E-6
 0.0000000 0.0 1.0E-6
 0.0000000 0.0 1.0E-6
-0.0000000 0.0 1.0E-6
-0.0000000 0.0 1.0E-6
 0.0000000 0.0 1.0E-6
-0.0000000 0.0 1.0E-6
-0.0143056 3.3559591772532547 3.191401419468066
 0.0081410 0.29818555289284493 0.6678533190779417
-0.0000000 0.0 1.0E-6
-0.0000000 0.0 1.0E-6
-0.0000000 0.0 1.0E-6
-0.0000000 0.0 1.0E-6
 0.0000000 0.0 1.0E-6
 0.0000000 0.0 1.0E-6
 0.0000000 0.0 1.0E-6
 0.0000000 0.0 1.0E-6
-0.0000000 0.0 1.0E-6
-0.0135030 3.333688018727389 3.1553089671483505
-0.0055041 0.6102871101159358 0.978722356345254
-0.0076135 0.2975933824958132 0.6594611828494963
 0.0000000 0.0 1.0E-6
-0.0000000 0.0 1.0E-6
 0.0000000 0.0 1.0E-6
-0.0000000 0.0 1.0E-6
-0.0000000 0.0 1.0E-6
-0.0000000 0.0 1.0E-6
-0.0000000 0.0 1.0E-6
-0.0000000 0.0 1.0E-6
-0.0128266 3.3909249886654886 3.197698930754056
-0.0055190 0.6348344236053924 1.011341330138291
-0.0225823 0.6267105859711132 0.9940839830200322
-0.0066503 0.3052268290200505 0.6676302490677869
-0.0000000 0.0 1.0E-6
 0.0000000 0.0 1.0E-6
-0.0000000 0.0 1.0E-6
 0.0000000 0.0 1.0E-6
 0.0000000 0.0 1.0E-6
 0.0000000 0.0 1.0E-6
-0.0000000 0.0 1.0E-6
-0.0046996 3.309714370310057 3.1359072163303585
-0.0123955 0.6110365757746792 0.9812813395161701
-0.0183084 0.6074187847553133 0.9837835537224502
-0.0126368 0.6202984908907538 0.9998158049542036
-0.0036527 0.2835293355663092 0.6369456318044336
 0.0000000 0.0 1.0E-6
-0.0000000 0.0 1.0E-6
-0.0000000 0.0 1.0E-6
-0.0000000 0.0 1.0E-6
-0.0000000 0.0 1.0E-6
-0.0000000 0.0 1.0E-6
 0.0010310 3.411058782164568 3.2586617468219825
-0.0107662 0.6074002794304061 0.9735369965617471
-0.0147159 0.6010437003247685 0.9743692110889887
-0.0156760 0.6126742970289701 0.9860334613019592
-0.0123283 0.5960102519499986 0.9681637084481514
 0.0000000 0.0 1.0E-6
 0.0000000 0.0 1.0E-6
 0.0000000 0.0 1.0E-6
 0.0000000 0.0 1.0E-6
 0.0000000 0.0 1.0E-6
 0.0000000 0.0 1.0E-6
-0.0026969 3.3468082940866233 3.136044415017571
-0.0004199 0.6294586267198387 1.0020378101551746
-0.0071447 0.6243511570454399 0.9987456284473898
-0.0147571 0.6360557750492705 1.0148404156316981
-0.0000000 0.0 1.0E-6
-0.0113493 0.6104259000527402 0.977306517924896
-0.0028474 0.29952718894861996 0.6690598536286505
 0.0000000 0.0 1.0E-6
 0.0000000 0.0 1.0E-6
 0.0000000 0.0 1.0E-6
-0.0000000 0.0 1.0E-6
-0.0095772 3.3361677322649594 3.166807228626211
-0.0126874 0.6193824773078453 0.9958829615956434
-0.0111550 0.6144415555576117 0.9916226149575129
 0.0000000 0.0 1.0E-6
-0.0160809 0.6170600590319865 0.9941223896037061
-0.0071228 0.5924572295678081 0.9777987001269501
-0.0096749 0.6248137901681209 1.0082772913680556
-0.0044800 0.2948823523969022 0.6576669970758438
 0.0000000 0.0 1.0E-6
 0.0000000 0.0 1.0E-6
-0.0000000 0.0 1.0E-6
-0.0047455 3.352461670845786 3.1639196823928373
-0.0021114 0.6193732246453917 0.9893497104477434
-0.0000000 0.0 1.0E-6
-0.0050774 0.6188458228855354 0.9961700895274118
-0.0143323 0.613433015350167 0.9867344538113089
-0.0073961 0.6009604263626859 0.9770993856571896
-0.0060255 0.6214828316848173 1.008656524361638
-0.0129007 0.6157091703137578 0.997346744145591
 0.0030846 0.2902560211700917 0.6563190034913164
-0.0000000 0.0 1.0E-6
 0.0000000 0.0 1.0E-6
 0.0067600 3.3275627561830916 3.1853256683253495
 0.0000000 0.0 1.0E-6
-0.0069565 0.6130814141769294 0.9901446571305785
-0.0115905 0.6088529474356246 0.9852706955896021
-0.0175177 0.6031903180140086 0.989738985734823
-0.0094748 0.5972871193685984 0.9798072508399496
-0.0123459 0.6154315904401492 1.0050953359642094
-0.0127220 0.6070209202698076 0.990958097386199
-0.0027733 0.6054757256400529 0.9855159104907288
-0.0044571 0.2949193630467167 0.6613682493115434
-0.0000000 0.0 1.0E-6
-0.0000000 0.0 1.0E-6
 0.0000000 0.0 1.0E-6
-0.0000000 0.0 1.0E-6
 0.0000000 0.0 1.0E-6
-0.0000000 0.0 1.0E-6
 0.0000000 0.0 1.0E-6
 0.0000000 0.0 1.0E-6
 0.0000000 0.0 1.0E-6
 0.0000000 0.0 1.0E-6
-0.0000000 0.0 1.0E-6
 0.0000000 0.0 1.0E-6
 0.0131685 128.51947222813365 12.202811723434493
 0.0000000 0.0 1.0E-6
-0.0000000 0.0 1.0E-6
 0.0000000 0.0 1.0E-6
-0.0000000 0.0 1.0E-6
 0.0000000 0.0 1.0E-6
-0.0000000 0.0 1.0E-6
 0.0000000 0.0 1.0E-6
-0.0000000 0.0 1.0E-6
-0.0000000 0.0 1.0E-6
-0.0000000 0.0 1.0E-6
 0.0087966 0.5355903661278533 0.740008667798167
 0.0047994 0.22154574978950192 0.5234519541533468
-0.0000000 0.0 1.0E-6
 0.0000000 0.0 1.0E-6
 0.0000000 0.0 1.0E-6
-0.0000000 0.0 1.0E-6
 0.0000000 0.0 1.0E-6
 0.0000000 0.0 1.0E-6
-0.0000000 0.0 1.0E-6
 0.0000000 0.0 1.0E-6
-0.0000000 0.0 1.0E-6
-0.0025880 0.5297704414445257 0.7355761224229084
-0.0084352 0.4588025204252524 0.7549707481361391
-0.0035409 0.22564467925645604 0.5226815395752364
 0.0000000 0.0 1.0E-6
 0.0000000 0.0 1.0E-6
 0.0000000 0.0 1.0E-6
 0.0000000 0.0 1.0E-6
-0.0000000 0.0 1.0E-6
 0.0000000 0.0 1.0E-6
 0.0000000 0.0 1.0E-6
 0.0000000 0.0 1.0E-6
 0.0070964 0.5473967634186737 0.7440867374576098
-0.0058149 0.4766324009733801 0.7737363515060729
-0.0097851 0.4714416573368987 0.7561420101569332
-0.0031296 0.23360196896657012 0.5355091882234332
-0.0000000 0.0 1.0E-6
-0.0000000 0.0 1.0E-6
 0.0000000 0.0 1.0E-6
-0.0000000 0.0 1.0E-6
 0.0000000 0.0 1.0E-6
-0.0000000 0.0 1.0E-6
 0.0000000 0.0 1.0E-6
 0.0034815 0.5300017580058662 0.7391430329626776
-0.0024569 0.4627071439806804 0.7494299960776281
-0.0105578 0.4638544741249295 0.752467850289504
 0.0016274 0.466112123763613 0.7616652403352261
 0.0027044 0.2165123014147321 0.5136947970385652
-0.0000000 0.0 1.0E-6
 0.0000000 0.0 1.0E-6
-0.0000000 0.0 1.0E-6
 0.0000000 0.0 1.0E-6
 0.0000000 0.0 1.0E-6
 0.0000000 0.0 1.0E-6
 0.0031554 0.5045106729461403 0.714011849238962
-0.0085919 0.46923952367293686 0.7827527916586524
-0.0020825 0.46946158757182377 0.7802040726247742
 0.0001967 0.47380108626257206 0.7742673182691092
-0.0004724 0.46601959713907676 0.7760779844514294
 0.0000000 0.0 1.0E-6
 0.0000000 0.0 1.0E-6
 0.0000000 0.0 1.0E-6
-0.0000000 0.0 1.0E-6
 0.0000000 0.0 1.0E-6
 0.0000000 0.0 1.0E-6
 0.0030607 0.5442786161718034 0.7461412258608633
-0.0061390 0.47802955300387684 0.7658324007390936
-0.0120490 0.4692487763353905 0.7577673958335512
-0.0171792 0.47154343662388853 0.7585770245112811
-0.0000000 0.0 1.0E-6
-0.0114156 0.466380450974768 0.7743750156517587
 0.0107421 0.22574645854344588 0.523354101161527
-0.0000000 0.0 1.0E-6
-0.0000000 0.0 1.0E-6
 0.0000000 0.0 1.0E-6
-0.0000000 0.0 1.0E-6
 0.0027918 0.5308437502891457 0.7287834593549214
-0.0038265 0.47543880751686296 0.7548863883022174
-0.0131236 0.463817463475115 0.7560481093698921
 0.0000000 0.0 1.0E-6
-0.0033457 0.45709077787133245 0.7496109540680584
-0.0066712 0.4530288590541928 0.7744569045336182
-0.0075362 0.46298472385428907 0.7514534672372271
-0.0036926 0.22162902375158453 0.5145470282163962
-0.0000000 0.0 1.0E-6
-0.0000000 0.0 1.0E-6
-0.0000000 0.0 1.0E-6
 0.0057301 0.5365711483479371 0.7385089274998318
-0.0119278 0.4720985963711058 0.7602668079713076
 0.0000000 0.0 1.0E-6
-0.0093305 0.4594317014720986 0.7487904158975119
-0.0061856 0.46408579068627 0.7530074789137675
-0.0000639 0.46447440250932204 0.7780806925925956
-0.0176976 0.47450428860904725 0.7641506677512931
-0.0074213 0.470775465640238 0.7761166555980734
 0.0008783 0.221129379979089 0.5196280536117156
-0.0000000 0.0 1.0E-6
 0.0000000 0.0 1.0E-6
 0.0047041 0.5243853918965182 0.7356611419672571
-0.0000000 0.0 1.0E-6
-0.0138646 0.45728508378285854 0.7513973559451165
-0.0021272 0.4693320502974731 0.7659925885866711
-0.0147617 0.4507712094155093 0.7448130062733194
-0.0147773 0.4592651535479334 0.7732559505799288
-0.0069181 0.464280096597796 0.761460019791922
-0.0171855 0.4681847201532241 0.7619975203094782
-0.0076867 0.45642458617467174 0.7550210765577221
-0.0004245 0.22482119229808378 0.5282729206971656
-0.0000000 0.0 1.0E-6
-0.0000000 0.0 1.0E-6
-0.0000000 0.0 1.0E-6
-0.0000000 0.0 1.0E-6
 0.0000000 0.0 1.0E-6
-0.0000000 0.0 1.0E-6
-0.0000000 0.0 1.0E-6
 0.0000000 0.0 1.0E-6
-0.0000000 0.0 1.0E-6
 0.0000000 0.0 1.0E-6
-0.0000000 0.0 1.0E-6
 0.0000000 0.0 1.0E-6
-0.0018481 98.22486745561035 16.131434937766816
-0.0000000 0.0 1.0E-6
 0.0000000 0.0 1.0E-6
 0.0000000 0.0 1.0E-6
 0.0000000 0.0 1.0E-6
-0.0000000 0.0 1.0E-6
 0.0000000 0.0 1.0E-6
-0.0000000 0.0 1.0E-6
-0.0000000 0.0 1.0E-6
-0.0000000 0.0 1.0E-6
 0.0000000 0.0 1.0E-6
 0.0037763 2.462642375343505 2.1740695584336422
-0.0027049 0.16296714379562718 0.45015487521800845
-0.0000000 0.0 1.0E-6
-0.0000000 0.0 1.0E-6
 0.0000000 0.0 1.0E-6
 0.0000000 0.0 1.0E-6
-0.0000000 0.0 1.0E-6
 0.0000000 0.0 1.0E-6
 0.0000000 0.0 1.0E-6
-0.0000000 0.0 1.0E-6
-0.0000000 0.0 1.0E-6
 0.0172540 2.4410374085143 2.1518660297431556
-0.0112869 0.18284186274600517 0.4780773897637904
 0.0013241 0.15473227421190447 0.4356646401294192
-0.0000000 0.0 1.0E-6
 0.0000000 0.0 1.0E-6
 0.0000000 0.0 1.0E-6
-0.0000000 0.0 1.0E-6
-0.0000000 0.0 1.0E-6
-0.0000000 0.0 1.0E-6
 0.0000000 0.0 1.0E-6
-0.0000000 0.0 1.0E-6
 0.0028955 2.483886488337019 2.1805136182809726
-0.0106251 0.18643189577801011 0.486601513832703
-0.0012276 0.18775502650887793 0.4760429631702861
 0.0019118 0.15851661315543547 0.444421024832924
-0.0000000 0.0 1.0E-6
-0.0000000 0.0 1.0E-6
-0.0000000 0.0 1.0E-6
 0.0000000 0.0 1.0E-6
 0.0000000 0.0 1.0E-6
-0.0000000 0.0 1.0E-6
-0.0000000 0.0 1.0E-6
 0.0058547 2.418349880178021 2.136865850162595
-0.0061486 0.1728212293087336 0.45716469308497765
-0.0044256 0.18009382199727972 0.46842682167794003
-0.0117889 0.18649666441518548 0.48057825567816237
-0.0025563 0.154963590773245 0.43440188229807053
 0.0000000 0.0 1.0E-6
-0.0000000 0.0 1.0E-6
 0.0000000 0.0 1.0E-6
 0.0000000 0.0 1.0E-6
 0.0000000 0.0 1.0E-6
 0.0000000 0.0 1.0E-6
 0.0034900 2.4743747513346968 2.101811662831384
-0.0065507 0.16525255142167158 0.4313443988628078
-0.0060037 0.16681625137633355 0.4303014934876785
-0.0124548 0.17068386428194712 0.4369898171114701
-0.0064150 0.17149809857786577 0.4400691323863021
-0.0035271 0.14795007263340026 0.45240630946992183
 0.0000000 0.0 1.0E-6
-0.0000000 0.0 1.0E-6
-0.0000000 0.0 1.0E-6
 0.0000000 0.0 1.0E-6
 0.0000000 0.0 1.0E-6
 0.0083285 2.444192566410985 2.14846461789235
-0.0136354 0.18733865669846497 0.48606281434099496
 0.0037982 0.1854973768701944 0.4764613815827289
-0.0046844 0.18801410105757932 0.48835693481510556
-0.0083692 0.14601626618059346 0.4109351855778765
-0.0126093 0.1748568150485302 0.44468392475791096
-0.0050641 0.16701055728785957 0.453235711508155
 0.0000000 0.0 1.0E-6
 0.0000000 0.0 1.0E-6
 0.0000000 0.0 1.0E-6
 0.0000000 0.0 1.0E-6
 0.0139362 2.430470867992265 2.1570566806379263
-0.0061601 0.1831657059318819 0.47497251938685425
-0.0014454 0.18010307465973333 0.4744388649450582
-0.0105720 0.14965256252486653 0.41848530271737894
-0.0016739 0.18273083079656172 0.4780811334932004
-0.0014524 0.17196998436300046 0.44562144838460743
-0.0050339 0.1836005810672021 0.4791981351436947
 0.0053831 0.1594511320632512 0.44326283411728773
 0.0000000 0.0 1.0E-6
-0.0000000 0.0 1.0E-6
 0.0000000 0.0 1.0E-6
 0.0134816 2.446533490011751 2.173937355338432
-0.0097325 0.18966107497432386 0.4904250565372129
-0.0111965 0.14476715674935461 0.41563952104774177
-0.0122110 0.1788632178909481 0.4703658873467808
-0.0077051 0.17670734753925443 0.46896565222573267
-0.0081847 0.1675009483979015 0.439189889474784
-0.0099611 0.18414648815196571 0.47301132077976005
-0.0093924 0.1827678414463762 0.4797285699232426
-0.0063660 0.16262479528484322 0.4510690995928083
 0.0000000 0.0 1.0E-6
-0.0000000 0.0 1.0E-6
 0.0068889 2.43459755544658 2.1838543121163596
-0.0078812 0.14064046929503965 0.40708430977844046
-0.0036798 0.17825254216900913 0.46577553674127103
-0.0041802 0.18240698761068497 0.47149202874071366
-0.0076093 0.17684613747605873 0.475117510343231
-0.0064852 0.16932372290126485 0.4401857360809482
-0.0133313 0.17976997881140297 0.4666813404271685
-0.0041028 0.1814909740277765 0.48021308917442834
-0.0049950 0.17667033688943995 0.47016186702011353
-0.0109251 0.1573785356736401 0.44419044120686196
-0.0000000 0.0 1.0E-6
 0.0000000 0.0 1.0E-6
 0.0000000 0.0 1.0E-6
 0.0000000 0.0 1.0E-6
 0.0000000 0.0 1.0E-6
-0.0000000 0.0 1.0E-6
-0.0000000 0.0 1.0E-6
 0.0000000 0.0 1.0E-6
-0.0000000 0.0 1.0E-6
 0.0000000 0.0 1.0E-6
-0.0000000 0.0 1.0E-6
-0.0000000 0.0 1.0E-6
 0.0102407 115.3287563496396 15.398348442814148
 0.0000000 0.0 1.0E-6
 0.0000000 0.0 1.0E-6
-0.0000000 0.0 1.0E-6
-0.0000000 0.0 1.0E-6
-0.0000000 0.0 1.0E-6
 0.0000000 0.0 1.0E-6
-0.0000000 0.0 1.0E-6
-0.0000000 0.0 1.0E-6
-0.0000000 0.0 1.0E-6
 0.0000000 0.0 1.0E-6
 0.0071739 1.7436087234101614 1.6861211414103943
-0.0106329 0.2969919594363278 0.6261800731401136
-0.0000000 0.0 1.0E-6
-0.0000000 0.0 1.0E-6
 0.0000000 0.0 1.0E-6
-0.0000000 0.0 1.0E-6
 0.0000000 0.0 1.0E-6
-0.0000000 0.0 1.0E-6
 0.0000000 0.0 1.0E-6
 0.0000000 0.0 1.0E-6
-0.0000000 0.0 1.0E-6
 0.0149831 1.729822256354266 1.6636464175717172
-0.0093530 0.3293022567243724 0.6461136527395155
 0.0032379 0.29219908028535213 0.622201465493845
-0.0000000 0.0 1.0E-6
 0.0000000 0.0 1.0E-6
 0.0000000 0.0 1.0E-6
-0.0000000 0.0 1.0E-6
-0.0000000 0.0 1.0E-6
 0.0000000 0.0 1.0E-6
 0.0000000 0.0 1.0E-6
-0.0000000 0.0 1.0E-6
 0.0038698 1.762752482026703 1.6904516685628108
-0.0162879 0.33443748438613213 0.6600309531240097
-0.0162354 0.33035706024408523 0.6438958908644881
-0.0073964 0.298574164715897 0.6272663621487002
-0.0000000 0.0 1.0E-6
-0.0000000 0.0 1.0E-6
 0.0000000 0.0 1.0E-6
-0.0000000 0.0 1.0E-6
-0.0000000 0.0 1.0E-6
 0.0000000 0.0 1.0E-6
 0.0000000 0.0 1.0E-6
 0.0075677 1.7166834756701241 1.6546903649299176
-0.0126284 0.32064176466778316 0.637088482965622
-0.0085696 0.32551791778084144 0.643177161646057
-0.0145823 0.32288090898155947 0.642052596582391
-0.0010670 0.28522257279532187 0.6158893100304491
-0.0000000 0.0 1.0E-6
-0.0000000 0.0 1.0E-6
-0.0000000 0.0 1.0E-6
-0.0000000 0.0 1.0E-6
 0.0000000 0.0 1.0E-6
-0.0000000 0.0 1.0E-6
-0.0038714 1.7745126160052556 1.7400237888898353
-0.0220674 0.3426260906575867 0.6611500758886693
-0.0097781 0.353386937091148 0.6660131348979799
-0.0169480 0.36032643393136377 0.6809110686789879
-0.0213962 0.35109227680265 0.6645856036671125
 0.0000000 0.0 1.0E-6
 0.0000000 0.0 1.0E-6
 0.0000000 0.0 1.0E-6
-0.0000000 0.0 1.0E-6
 0.0000000 0.0 1.0E-6
-0.0000000 0.0 1.0E-6
 0.0034997 1.7414806110458285 1.659860610793679
-0.0122389 0.3329848163809136 0.6478613224498514
-0.0086690 0.3269520804611527 0.6460040100923713
-0.0099054 0.3384531398910036 0.6628424472570856
-0.0000000 0.0 1.0E-6
-0.0135235 0.3571250127224109 0.6719945056313158
 0.0018956 0.3014424900765195 0.6394212004891888
 0.0000000 0.0 1.0E-6
 0.0000000 0.0 1.0E-6
 0.0000000 0.0 1.0E-6
-0.0000000 0.0 1.0E-6
 0.0118202 1.7329496562635898 1.6761012844094334
-0.0156460 0.32711862838531786 0.647707814179913
-0.0121183 0.31952219251089503 0.6427885250018787
 0.0000000 0.0 1.0E-6
-0.0112119 0.33031079693181714 0.6453334467229349
-0.0160539 0.36063177179233324 0.6821547102682359
-0.0089320 0.3248794840715416 0.6422117020961539
-0.0027659 0.2906816436429583 0.6186340759960277
-0.0000000 0.0 1.0E-6
 0.0000000 0.0 1.0E-6
-0.0000000 0.0 1.0E-6
-0.0021345 1.7436272287350685 1.6718286932473987
-0.0123565 0.3334567021660483 0.6443887476365578
 0.0000000 0.0 1.0E-6
-0.0196452 0.33147663240097336 0.6570881596457316
-0.0102804 0.3154787790186626 0.6350297770338006
-0.0123128 0.3496858721096996 0.6651876043863961
-0.0051975 0.3253698751815835 0.6406721214673077
-0.0057855 0.33050510284334317 0.6503403037476307
-0.0062640 0.29639978903929604 0.6311398944340453
 0.0000000 0.0 1.0E-6
 0.0000000 0.0 1.0E-6
-0.0003527 1.72523293577727 1.674936429235277
-0.0000000 0.0 1.0E-6
-0.0055574 0.32152076760087717 0.6345563475791227
-0.0131316 0.3188652534766879 0.6307596140148881
-0.0012285 0.3232140048298898 0.6506043867915267
-0.0169129 0.3499171886710401 0.6584876338140616
-0.0102101 0.32778482008197857 0.651516823158748
-0.0079531 0.31879123217705896 0.6457428906405576
-0.0062101 0.31364675185284563 0.63654741883836
 0.0097514 0.29080192825485535 0.6295123935053718
 0.0000000 0.0 1.0E-6
 0.0000000 0.0 1.0E-6
 0.0000000 0.0 1.0E-6
-0.0000000 0.0 1.0E-6
 0.0000000 0.0 1.0E-6
-0.0000000 0.0 1.0E-6
 0.0000000 0.0 1.0E-6
 0.0000000 0.0 1.0E-6
 0.0000000 0.0 1.0E-6
 0.0000000 0.0 1.0E-6
-0.0000000 0.0 1.0E-6
-0.0000000 0.0 1.0E-6
-0.3380650 5.262899796862188 3.864901240854479
